[gd_scene load_steps=14 format=3 uid="uid://3mtecw74urp"]

[ext_resource type="Script" path="res://intro/welcome_screen.gd" id="1_a1gy1"]
[ext_resource type="PackedScene" uid="uid://b24hp2il7j4xx" path="res://ant/black_carpenter_ant_step1.glb" id="1_yqana"]
[ext_resource type="Script" path="res://intro/intro_camera.gd" id="2_wsrrn"]
[ext_resource type="PackedScene" uid="uid://d0m8ys0iu1ug5" path="res://nymph/hopper_nymph.glb" id="3_1yr8f"]
[ext_resource type="FontFile" uid="uid://cu0lsx3frb0bt" path="res://gui/PlayfairDisplay-Regular.ttf" id="4_1e2g2"]
[ext_resource type="Script" path="res://intro/black_screen.gd" id="5_7uhh6"]
[ext_resource type="Script" path="res://blinking_visibility.gd" id="6_cna34"]
[ext_resource type="AudioStream" uid="uid://yo5fi2re5j65" path="res://intro/515861__matrixxx__subliminal-stress-waves.ogg" id="8_g6ucc"]
[ext_resource type="AudioStream" uid="uid://boqk8gp6itrt8" path="res://intro/218723__bareform__bang-1.ogg" id="9_35t1d"]

[sub_resource type="ProceduralSkyMaterial" id="ProceduralSkyMaterial_a3vop"]
sky_top_color = Color(0, 0, 0, 1)
sky_horizon_color = Color(0.223529, 0.223529, 0.223529, 1)
ground_bottom_color = Color(0, 0, 0, 1)
ground_horizon_color = Color(0.5, 0.5, 0.5, 1)

[sub_resource type="Sky" id="Sky_ar5um"]
sky_material = SubResource("ProceduralSkyMaterial_a3vop")

[sub_resource type="Environment" id="Environment_s88eo"]
background_mode = 1
sky = SubResource("Sky_ar5um")
sdfgi_enabled = true
fog_light_color = Color(0, 0, 0, 1)

[sub_resource type="LabelSettings" id="LabelSettings_gjbbn"]
font = ExtResource("4_1e2g2")
font_size = 45

[node name="welcome_screen" type="Node3D"]
script = ExtResource("1_a1gy1")

[node name="WorldEnvironment" type="WorldEnvironment" parent="."]
environment = SubResource("Environment_s88eo")

[node name="black_carpenter_ant_step1" parent="." instance=ExtResource("1_yqana")]
transform = Transform3D(0.988536, 0.150985, 0, -0.150901, 0.987986, -0.0333645, -0.00503753, 0.032982, 0.999443, 0, 0.336139, 0)

[node name="Camera" type="Node3D" parent="."]
script = ExtResource("2_wsrrn")
rotation_speed = 0.5

[node name="Camera3D" type="Camera3D" parent="Camera"]
transform = Transform3D(1, 0, 0, 0, 0.936225, 0.3514, 0, -0.3514, 0.936225, 2.38419e-07, 0.920032, 1.81084)

[node name="OmniLight3D" type="OmniLight3D" parent="."]
transform = Transform3D(1, 0, 0, 0, 1, 0, 0, 0, 1, 1.10246, 1.09365, 0.851929)
light_color = Color(0.721569, 0.619608, 0.505882, 1)
light_energy = 0.848

[node name="OmniLight3D2" type="OmniLight3D" parent="."]
transform = Transform3D(1, 0, 0, 0, 1, 0, 0, 0, 1, -0.387889, 1.09365, 0.708769)
light_color = Color(1, 0.886275, 0.819608, 1)

[node name="OmniLight3D3" type="OmniLight3D" parent="."]
transform = Transform3D(1, 0, 0, 0, 1, 0, 0, 0, 1, -0.377809, 0.123415, -0.259846)
light_color = Color(1, 0.368627, 0, 1)
light_energy = 0.3

[node name="hopper_nymph" parent="." instance=ExtResource("3_1yr8f")]
transform = Transform3D(0.963817, 0.174385, 0.20161, -0.160323, 0.983465, -0.0842199, -0.212963, 0.0488498, 0.975838, 0.0745878, 0.538107, 0.0761859)

[node name="hopper_nymph2" parent="." instance=ExtResource("3_1yr8f")]
transform = Transform3D(0.952388, -0.283931, -0.111085, 0.267153, 0.952726, -0.144717, 0.146923, 0.10815, 0.983218, -0.134022, 0.538107, -0.0910885)

[node name="hopper_nymph4" parent="." instance=ExtResource("3_1yr8f")]
transform = Transform3D(0.796248, -0.50732, 0.329571, 0.459853, 0.861531, 0.215173, -0.393096, -0.0197765, 0.919285, -0.785843, 0.410568, -1.39471)

[node name="hopper_nymph5" parent="." instance=ExtResource("3_1yr8f")]
transform = Transform3D(0.782151, -0.0667673, -0.619501, 0.0929251, 0.995623, 0.0100186, 0.616121, -0.065403, 0.784932, 1.58395, 0.410568, -5.45389)

[node name="hopper_nymph3" parent="." instance=ExtResource("3_1yr8f")]
transform = Transform3D(0.858157, 0.385298, 0.339282, -0.488781, 0.815324, 0.310386, -0.157034, -0.432195, 0.888003, 0.819922, 0.538107, 0.645902)

[node name="CanvasLayer" type="CanvasLayer" parent="."]

[node name="Label" type="Label" parent="CanvasLayer"]
anchors_preset = 5
anchor_left = 0.5
anchor_right = 0.5
offset_left = -264.0
offset_top = -18.0
offset_right = 264.0
offset_bottom = 54.0
grow_horizontal = 2
text = "THE ANT OF THE LINE"
label_settings = SubResource("LabelSettings_gjbbn")
horizontal_alignment = 1
vertical_alignment = 1

[node name="Label2" type="Label" parent="CanvasLayer"]
visible = false
anchors_preset = 7
anchor_left = 0.5
anchor_top = 1.0
anchor_right = 0.5
anchor_bottom = 1.0
offset_left = -86.5
offset_top = -46.0
offset_right = 86.5
offset_bottom = -20.0
grow_horizontal = 2
grow_vertical = 0
text = "press any key to begin"
horizontal_alignment = 1
vertical_alignment = 1
script = ExtResource("6_cna34")
blink_interval = 0.5

[node name="BlackScreen" type="ColorRect" parent="CanvasLayer"]
anchors_preset = 15
anchor_right = 1.0
anchor_bottom = 1.0
grow_horizontal = 2
grow_vertical = 2
color = Color(0, 0, 0, 1)
script = ExtResource("5_7uhh6")
metadata/_edit_use_anchors_ = true

[node name="Music" type="AudioStreamPlayer" parent="."]
stream = ExtResource("8_g6ucc")
volume_db = 10.306
autoplay = true
bus = &"Music"

[node name="Hit" type="AudioStreamPlayer" parent="."]
stream = ExtResource("9_35t1d")
volume_db = 10.0
bus = &"Music"
